43 [0, 4]
29 [1]
186 [2]
58 [3]
109 [5, 75]
79 [6]
19 [7]
170 [8]
70 [9]
127 [10, 77]
12 [11]
158 [12, 55]
50 [13]
11 [14]
72 [15]
168 [16]
114 [17]
110 [18]
194 [19]
124 [20, 35]
57 [21, 30]
65 [22, 68, 87]
31 [23]
148 [24, 88]
54 [25]
23 [26, 91]
76 [27]
111 [28]
171 [29, 99]
129 [31]
107 [32]
64 [33]
133 [34]
100 [36]
121 [37]
24 [38]
17 [39, 73]
85 [40]
138 [41]
86 [42]
113 [43]
181 [44]
117 [45]
44 [46]
139 [47, 66]
150 [48]
157 [49]
101 [50]
38 [51]
151 [52, 90]
22 [53]
189 [54]
154 [56]
53 [57]
28 [58]
178 [59]
135 [60]
160 [61, 79]
52 [62]
172 [63]
15 [64]
118 [65]
196 [67]
60 [69]
73 [70]
18 [71]
183 [72, 94]
166 [74]
173 [76]
184 [78]
104 [80]
190 [81]
108 [82]
33 [83]
156 [84]
149 [85]
74 [86]
125 [89]
200 [92]
20 [93]
96 [95]
40 [96]
165 [97]
49 [98]
